27-1011	0.333333333333	0.055	1.0	0.221666666667	0.888333333333	0.333333333333	6
29-2052	0.666666666667	0.333333333333	0.0	0.445	0.278333333333	1.0	1
27-1013	0.666666666667	0.278333333333	1.0	0.166666666667	0.388333333333	0.0	9
27-1012	0.778333333333	0.166666666667	1.0	0.111666666667	0.721666666667	0.055	8
29-2056	1.0	0.833333333333	0.111666666667	0.333333333333	0.221666666667	0.445	11
27-1014	0.333333333333	0.5	1.0	0.055	0.111666666667	0.333333333333	8
29-2054	0.611666666667	0.611666666667	0.111666666667	1.0	0.055	0.555	11
29-2053	0.445	0.333333333333	0.111666666667	0.945	0.445	0.278333333333	6
13-1131	0.0	0.166666666667	0.611666666667	0.388333333333	0.945	0.666666666667	3
53-3031	0.833333333333	0.0	0.055	0.221666666667	0.778333333333	0.388333333333	1
39-4031	0.333333333333	0.0	0.111666666667	0.721666666667	1.0	0.555	4
51-7011	1.0	0.0	0.166666666667	0.0	0.166666666667	0.278333333333	11
29-2051	0.5	0.555	0.111666666667	0.888333333333	0.278333333333	0.221666666667	8
19-4031	0.778333333333	0.833333333333	0.055	0.0	0.166666666667	0.5	11
11-3021	0.5	0.555	0.111666666667	0.111666666667	0.945	0.721666666667	1
39-9011	0.278333333333	0.111666666667	0.666666666667	1.0	0.333333333333	0.388333333333	6
41-2021	0.221666666667	0.0	0.055	0.278333333333	0.666666666667	0.778333333333	2
53-4031	0.778333333333	0.221666666667	0.0	0.055	0.888333333333	0.666666666667	2
29-2057	0.445	0.278333333333	0.055	0.555	0.221666666667	0.666666666667	3
11-9051	0.555	0.111666666667	0.111666666667	0.555	1.0	0.721666666667	3
49-9041	1.0	0.611666666667	0.055	0.055	0.055	0.555	11
51-4041	1.0	0.611666666667	0.166666666667	0.0	0.055	0.721666666667	0
53-7021	1.0	0.388333333333	0.0	0.0	0.111666666667	0.555	0
29-2055	0.833333333333	0.221666666667	0.0	0.666666666667	0.221666666667	0.5	1
39-3021	0.945	0.333333333333	0.055	0.0	0.111666666667	0.666666666667	0
47-2071	1.0	0.0	0.0	0.0	0.221666666667	0.278333333333	11
47-2072	1.0	0.388333333333	0.055	0.0	0.111666666667	0.445	11
47-2073	1.0	0.388333333333	0.0	0.0	0.111666666667	0.555	0
11-9111	0.111666666667	0.388333333333	0.111666666667	0.666666666667	1.0	0.666666666667	3
39-5093	0.778333333333	0.0	0.0	0.445	0.5	0.5	1
51-3091	1.0	0.111666666667	0.0	0.0	0.166666666667	0.333333333333	11
29-2021	0.778333333333	0.333333333333	0.0	0.833333333333	0.166666666667	0.445	6
51-9141	1.0	0.555	0.055	0.0	0.221666666667	0.666666666667	0
25-4021	0.221666666667	0.388333333333	0.278333333333	0.721666666667	0.611666666667	1.0	3
25-1011	0.0	0.5	0.388333333333	1.0	0.555	0.445	5
51-9021	1.0	0.445	0.055	0.0	0.166666666667	0.666666666667	0
51-9023	1.0	0.445	0.0	0.0	0.055	0.611666666667	0
51-9022	1.0	0.388333333333	0.278333333333	0.0	0.111666666667	0.555	0
41-9021	0.388333333333	0.0	0.055	0.388333333333	1.0	0.778333333333	3
41-9022	0.388333333333	0.055	0.111666666667	0.445	1.0	0.721666666667	3
47-4021	1.0	0.666666666667	0.111666666667	0.0	0.221666666667	0.611666666667	11
43-5111	0.611666666667	0.166666666667	0.0	0.111666666667	0.388333333333	1.0	1
33-1011	0.611666666667	0.166666666667	0.0	0.5	1.0	0.666666666667	3
33-1012	0.445	0.221666666667	0.055	0.611666666667	1.0	0.555	4
51-4052	1.0	0.166666666667	0.0	0.0	0.111666666667	0.333333333333	11
51-4051	1.0	0.778333333333	0.111666666667	0.0	0.111666666667	0.666666666667	11
41-9031	0.666666666667	0.5	0.166666666667	0.221666666667	1.0	0.333333333333	1
51-4192	0.888333333333	0.445	0.166666666667	0.0	0.111666666667	0.445	11
51-4193	1.0	0.221666666667	0.0	0.0	0.055	0.388333333333	11
51-4191	1.0	0.221666666667	0.055	0.0	0.166666666667	0.388333333333	11
15-1111	0.666666666667	1.0	0.555	0.0	0.111666666667	0.555	10
43-5052	0.778333333333	0.055	0.0	0.333333333333	0.388333333333	0.888333333333	1
43-5051	0.445	0.0	0.055	0.333333333333	0.278333333333	1.0	1
41-1011	0.333333333333	0.0	0.111666666667	0.555	1.0	0.721666666667	3
41-1012	0.221666666667	0.166666666667	0.111666666667	0.555	1.0	0.721666666667	3
45-2041	0.833333333333	0.333333333333	0.055	0.0	0.111666666667	0.778333333333	0
25-9031	0.166666666667	0.666666666667	0.555	0.945	0.555	0.333333333333	6
25-1126	0.0	0.555	0.666666666667	1.0	0.278333333333	0.221666666667	7
25-1125	0.166666666667	0.721666666667	0.5	0.945	0.166666666667	0.388333333333	7
25-1124	0.055	0.721666666667	0.721666666667	1.0	0.333333333333	0.278333333333	7
25-1123	0.055	0.555	0.778333333333	0.888333333333	0.166666666667	0.278333333333	7
25-1122	0.0	0.5	0.611666666667	1.0	0.445	0.388333333333	7
25-1121	0.388333333333	0.445	0.888333333333	0.945	0.278333333333	0.278333333333	6
51-2021	1.0	0.388333333333	0.055	0.0	0.111666666667	0.611666666667	0
51-2022	1.0	0.111666666667	0.0	0.0	0.166666666667	0.333333333333	11
51-2023	1.0	0.555	0.055	0.0	0.111666666667	0.611666666667	0
15-2011	0.166666666667	0.555	0.111666666667	0.0	0.388333333333	0.833333333333	0
41-3041	0.221666666667	0.055	0.278333333333	0.445	1.0	0.778333333333	3
19-3099	0.445	0.888333333333	0.278333333333	0.111666666667	0.221666666667	0.5	11
29-1131	0.778333333333	1.0	0.166666666667	0.445	0.111666666667	0.278333333333	10
19-3094	0.111666666667	1.0	0.721666666667	0.555	0.221666666667	0.166666666667	8
19-3092	0.611666666667	1.0	0.5	0.278333333333	0.0	0.388333333333	10
19-3093	0.0	0.945	0.278333333333	0.278333333333	0.278333333333	0.333333333333	10
19-3091	0.278333333333	0.945	0.721666666667	0.445	0.221666666667	0.388333333333	9
41-9091	0.333333333333	0.0	0.221666666667	0.333333333333	1.0	0.611666666667	3
49-9021	1.0	0.611666666667	0.166666666667	0.055	0.333333333333	0.611666666667	11
51-6011	0.888333333333	0.055	0.0	0.055	0.221666666667	0.388333333333	11
49-9011	1.0	0.221666666667	0.0	0.0	0.221666666667	0.278333333333	11
41-2022	0.5	0.055	0.0	0.333333333333	0.945	0.833333333333	2
43-4151	0.333333333333	0.055	0.055	0.5	0.666666666667	1.0	3
23-2091	0.055	0.111666666667	0.221666666667	0.278333333333	0.388333333333	0.888333333333	1
49-9045	1.0	0.388333333333	0.0	0.0	0.111666666667	0.445	11
23-2093	0.5	0.221666666667	0.0	0.166666666667	0.666666666667	1.0	2
37-2021	1.0	0.166666666667	0.055	0.166666666667	0.333333333333	0.5	0
43-4011	0.278333333333	0.111666666667	0.0	0.333333333333	0.721666666667	1.0	2
51-4035	1.0	0.111666666667	0.0	0.0	0.111666666667	0.388333333333	11
43-2021	0.5	0.0	0.055	0.555	0.5	0.945	2
49-3041	1.0	0.5	0.055	0.055	0.166666666667	0.666666666667	0
49-3042	1.0	0.278333333333	0.0	0.0	0.111666666667	0.333333333333	11
49-3043	1.0	0.278333333333	0.0	0.0	0.055	0.278333333333	11
17-2051	0.945	0.833333333333	0.278333333333	0.055	0.278333333333	0.555	11
17-2199	0.833333333333	0.945	0.221666666667	0.055	0.278333333333	0.445	10
53-3011	1.0	0.111666666667	0.055	0.778333333333	0.388333333333	0.333333333333	11
19-2011	0.611666666667	1.0	0.666666666667	0.278333333333	0.111666666667	0.278333333333	9
25-2054	0.111666666667	0.555	0.5	1.0	0.445	0.388333333333	7
19-2012	0.5	1.0	0.388333333333	0.0	0.166666666667	0.333333333333	10
25-2052	0.0	0.333333333333	0.5	1.0	0.166666666667	0.388333333333	6
25-2053	0.221666666667	0.388333333333	0.666666666667	1.0	0.388333333333	0.278333333333	6
51-2093	1.0	0.111666666667	0.055	0.0	0.055	0.278333333333	11
25-2051	0.0	0.278333333333	0.5	1.0	0.111666666667	0.388333333333	6
43-9051	0.833333333333	0.221666666667	0.055	0.055	0.221666666667	0.945	1
17-1012	0.666666666667	0.721666666667	0.888333333333	0.111666666667	0.5	0.221666666667	9
25-1032	0.555	0.778333333333	0.333333333333	0.945	0.278333333333	0.333333333333	8
25-2059	0.5	0.221666666667	0.166666666667	1.0	0.333333333333	0.278333333333	6
51-8093	1.0	0.111666666667	0.0	0.055	0.221666666667	0.555	0
43-5021	1.0	0.0	0.0	0.111666666667	0.333333333333	0.388333333333	11
17-2171	0.721666666667	0.945	0.111666666667	0.0	0.388333333333	0.666666666667	11
51-8091	1.0	0.221666666667	0.0	0.055	0.166666666667	0.445	11
53-6031	1.0	0.221666666667	0.0	0.388333333333	0.221666666667	0.611666666667	0
11-3061	0.278333333333	0.166666666667	0.055	0.278333333333	1.0	0.721666666667	3
45-3021	1.0	0.221666666667	0.111666666667	0.0	0.111666666667	0.111666666667	11
31-2012	0.611666666667	0.166666666667	0.166666666667	1.0	0.166666666667	0.388333333333	6
31-2011	0.555	0.388333333333	0.333333333333	1.0	0.111666666667	0.278333333333	6
11-9151	0.0	0.055	0.278333333333	0.833333333333	0.945	0.388333333333	4
53-2021	0.445	0.221666666667	0.0	0.221666666667	0.888333333333	0.833333333333	3
27-3091	0.055	0.388333333333	0.833333333333	0.721666666667	0.166666666667	0.445	7
39-3011	0.666666666667	0.166666666667	0.0	0.221666666667	0.721666666667	1.0	2
13-2071	0.0	0.221666666667	0.166666666667	0.721666666667	0.721666666667	0.721666666667	3
37-1011	0.666666666667	0.055	0.055	0.278333333333	1.0	0.721666666667	2
37-1012	0.778333333333	0.166666666667	0.055	0.278333333333	1.0	0.666666666667	2
13-2072	0.0	0.278333333333	0.0	0.5	0.833333333333	0.945	3
43-3051	0.111666666667	0.0	0.0	0.166666666667	0.445	1.0	1
13-2082	0.111666666667	0.055	0.0	0.278333333333	0.611666666667	1.0	2
47-4099	0.945	0.221666666667	0.0	0.166666666667	0.166666666667	0.5	0
29-1041	0.666666666667	0.833333333333	0.0	0.721666666667	0.388333333333	0.278333333333	9
49-2092	1.0	0.221666666667	0.0	0.0	0.055	0.388333333333	11
49-2093	1.0	0.333333333333	0.0	0.0	0.166666666667	0.5	0
49-2094	1.0	0.721666666667	0.221666666667	0.0	0.278333333333	0.611666666667	11
49-2095	0.945	0.333333333333	0.055	0.0	0.166666666667	0.445	11
49-2096	1.0	0.666666666667	0.166666666667	0.0	0.166666666667	0.555	11
49-2097	0.888333333333	0.333333333333	0.055	0.166666666667	0.333333333333	0.555	0
49-2098	0.945	0.278333333333	0.0	0.0	0.166666666667	0.445	11
43-5081	0.721666666667	0.055	0.055	0.278333333333	0.611666666667	0.833333333333	1
41-3099	0.221666666667	0.111666666667	0.111666666667	0.388333333333	1.0	0.666666666667	3
19-3041	0.111666666667	1.0	0.721666666667	0.611666666667	0.111666666667	0.278333333333	8
39-9021	0.721666666667	0.111666666667	0.055	1.0	0.221666666667	0.555	3
29-2061	0.666666666667	0.388333333333	0.055	1.0	0.221666666667	0.445	6
47-5011	1.0	0.5	0.0	0.055	0.221666666667	0.555	0
43-5011	0.445	0.111666666667	0.0	0.221666666667	0.778333333333	0.888333333333	2
29-9099	0.445	0.278333333333	0.166666666667	1.0	0.278333333333	0.055	6
53-4013	1.0	0.445	0.0	0.111666666667	0.388333333333	0.555	0
29-9092	0.0	0.888333333333	0.5	0.945	0.221666666667	0.278333333333	7
29-9091	0.721666666667	0.555	0.166666666667	0.945	0.333333333333	0.111666666667	9
19-4061	0.111666666667	0.666666666667	0.221666666667	0.278333333333	0.166666666667	0.888333333333	0
33-2011	1.0	0.221666666667	0.055	0.721666666667	0.445	0.055	11
29-2092	0.5	0.833333333333	0.111666666667	0.833333333333	0.333333333333	0.278333333333	9
51-6031	0.945	0.055	0.111666666667	0.0	0.111666666667	0.5	0
29-2091	0.666666666667	0.611666666667	0.221666666667	1.0	0.166666666667	0.166666666667	8
11-9021	0.778333333333	0.166666666667	0.055	0.166666666667	1.0	0.611666666667	2
29-1011	0.721666666667	0.778333333333	0.166666666667	0.833333333333	0.278333333333	0.166666666667	9
29-2099	0.888333333333	0.666666666667	0.055	0.388333333333	0.278333333333	0.445	11
17-3021	0.945	0.833333333333	0.111666666667	0.055	0.221666666667	0.666666666667	11
51-8092	0.888333333333	0.388333333333	0.0	0.0	0.278333333333	0.888333333333	0
17-3023	0.945	0.778333333333	0.166666666667	0.0	0.278333333333	0.445	11
17-3022	0.833333333333	0.666666666667	0.278333333333	0.0	0.221666666667	0.721666666667	0
17-3025	1.0	0.778333333333	0.111666666667	0.0	0.166666666667	0.721666666667	11
17-3024	1.0	0.721666666667	0.221666666667	0.055	0.055	0.666666666667	11
17-3027	0.833333333333	0.833333333333	0.388333333333	0.0	0.111666666667	0.445	11
17-3026	0.666666666667	0.888333333333	0.111666666667	0.055	0.388333333333	0.666666666667	11
17-3029	0.945	0.888333333333	0.111666666667	0.0	0.278333333333	0.555	11
51-8099	0.833333333333	0.333333333333	0.0	0.055	0.166666666667	0.5	0
49-2022	1.0	0.666666666667	0.055	0.166666666667	0.221666666667	0.611666666667	11
49-2021	1.0	0.221666666667	0.0	0.111666666667	0.166666666667	0.333333333333	11
25-1041	0.611666666667	0.833333333333	0.388333333333	0.945	0.221666666667	0.333333333333	9
25-1042	0.388333333333	0.888333333333	0.445	0.945	0.221666666667	0.221666666667	7
25-1043	0.555	0.833333333333	0.388333333333	0.888333333333	0.221666666667	0.278333333333	9
13-1199	0.388333333333	0.278333333333	0.0	0.055	0.611666666667	1.0	2
13-1051	0.333333333333	0.278333333333	0.0	0.055	0.833333333333	0.833333333333	2
49-9081	0.945	0.221666666667	0.0	0.055	0.221666666667	0.5	0
51-6051	0.833333333333	0.111666666667	0.666666666667	0.055	0.111666666667	0.611666666667	11
51-6052	0.945	0.0	0.5	0.166666666667	0.445	0.221666666667	10
25-1194	0.721666666667	0.278333333333	0.278333333333	1.0	0.388333333333	0.221666666667	6
25-1192	0.111666666667	0.666666666667	0.555	0.945	0.278333333333	0.278333333333	7
25-1193	0.5	0.445	0.5	0.945	0.278333333333	0.278333333333	7
25-1191	0.055	0.166666666667	0.388333333333	0.888333333333	0.333333333333	0.5	4
15-1141	0.388333333333	0.721666666667	0.221666666667	0.221666666667	0.445	1.0	0
51-1011	0.778333333333	0.278333333333	0.0	0.221666666667	1.0	0.666666666667	2
27-2023	0.833333333333	0.111666666667	0.055	0.333333333333	0.833333333333	0.555	1
27-2022	0.778333333333	0.055	0.166666666667	0.833333333333	0.778333333333	0.388333333333	4
49-9064	1.0	0.5	0.055	0.0	0.111666666667	0.611666666667	0
45-2011	0.945	0.5	0.055	0.111666666667	0.388333333333	0.555	0
49-9062	1.0	0.666666666667	0.111666666667	0.055	0.111666666667	0.611666666667	11
49-9063	1.0	0.5	0.611666666667	0.055	0.111666666667	0.5	11
33-3041	1.0	0.055	0.0	0.278333333333	0.388333333333	0.666666666667	0
47-5042	1.0	0.055	0.0	0.0	0.055	0.166666666667	11
47-2141	1.0	0.0	0.111666666667	0.0	0.111666666667	0.278333333333	11
47-2142	1.0	0.221666666667	0.166666666667	0.0	0.166666666667	0.611666666667	0
47-2011	1.0	0.111666666667	0.0	0.0	0.111666666667	0.278333333333	11
47-2022	1.0	0.0	0.166666666667	0.055	0.166666666667	0.166666666667	11
47-2021	1.0	0.555	0.278333333333	0.0	0.055	0.555	11
29-1141	0.445	0.778333333333	0.111666666667	1.0	0.166666666667	0.611666666667	6
35-2015	0.945	0.0	0.166666666667	0.278333333333	0.333333333333	0.778333333333	0
35-2014	0.945	0.055	0.388333333333	0.221666666667	0.5	0.388333333333	1
35-2013	0.611666666667	0.166666666667	0.888333333333	0.278333333333	0.445	0.5	10
35-2012	0.833333333333	0.0	0.278333333333	0.445	0.445	0.778333333333	0
35-2011	0.945	0.111666666667	0.0	0.278333333333	0.333333333333	0.778333333333	0
25-3011	0.166666666667	0.221666666667	0.611666666667	1.0	0.5	0.278333333333	6
25-2012	0.111666666667	0.221666666667	0.611666666667	1.0	0.388333333333	0.278333333333	6
51-9082	1.0	0.611666666667	0.221666666667	0.555	0.111666666667	0.333333333333	10
51-9081	0.888333333333	0.666666666667	0.166666666667	0.278333333333	0.111666666667	0.555	11
25-2011	0.166666666667	0.278333333333	0.778333333333	1.0	0.388333333333	0.166666666667	6
15-2041	0.221666666667	0.833333333333	0.166666666667	0.0	0.166666666667	0.888333333333	0
43-4061	0.055	0.0	0.111666666667	0.833333333333	0.555	0.778333333333	4
51-9192	1.0	0.055	0.0	0.0	0.055	0.278333333333	11
17-2131	0.833333333333	1.0	0.278333333333	0.055	0.555	0.388333333333	11
53-5021	0.833333333333	0.221666666667	0.0	0.221666666667	0.945	0.445	2
25-1021	0.333333333333	0.778333333333	0.388333333333	0.945	0.111666666667	0.666666666667	6
35-1012	0.555	0.055	0.111666666667	0.445	1.0	0.833333333333	2
19-1029	0.555	1.0	0.333333333333	0.111666666667	0.0	0.666666666667	11
19-1021	0.611666666667	1.0	0.666666666667	0.055	0.111666666667	0.388333333333	9
19-1020	0.5	1.0	0.111666666667	0.055	0.333333333333	0.388333333333	10
19-1023	0.721666666667	1.0	0.221666666667	0.111666666667	0.278333333333	0.333333333333	10
19-1022	0.611666666667	1.0	0.055	0.111666666667	0.166666666667	0.333333333333	10
13-2031	0.111666666667	0.5	0.055	0.221666666667	0.778333333333	1.0	2
53-7051	1.0	0.333333333333	0.0	0.0	0.111666666667	0.611666666667	0
11-1031	0.0	0.445	0.445	0.611666666667	1.0	0.333333333333	4
37-3012	0.945	0.278333333333	0.0	0.0	0.221666666667	0.445	11
11-2011	0.111666666667	0.166666666667	0.721666666667	0.221666666667	1.0	0.611666666667	4
37-3011	1.0	0.333333333333	0.333333333333	0.055	0.278333333333	0.555	0
43-4111	0.055	0.055	0.055	0.611666666667	0.721666666667	0.833333333333	3
17-1022	0.945	0.666666666667	0.388333333333	0.055	0.166666666667	0.666666666667	11
17-1021	0.778333333333	0.721666666667	0.388333333333	0.0	0.166666666667	0.721666666667	11
15-1142	0.778333333333	0.833333333333	0.111666666667	0.166666666667	0.5	0.611666666667	0
15-1143	0.5	0.833333333333	0.221666666667	0.166666666667	0.721666666667	0.833333333333	1
47-5081	1.0	0.278333333333	0.0	0.166666666667	0.166666666667	0.555	0
31-1013	0.611666666667	0.221666666667	0.221666666667	1.0	0.166666666667	0.611666666667	3
31-1011	0.666666666667	0.166666666667	0.166666666667	1.0	0.221666666667	0.278333333333	6
39-4021	0.555	0.0	0.166666666667	0.888333333333	0.555	0.278333333333	4
31-1014	0.555	0.111666666667	0.055	0.945	0.111666666667	0.778333333333	3
31-1015	0.721666666667	0.0	0.0	0.388333333333	0.055	0.888333333333	1
27-2021	0.888333333333	0.0	0.111666666667	0.333333333333	0.611666666667	0.221666666667	1
19-4021	0.888333333333	0.666666666667	0.055	0.111666666667	0.221666666667	0.611666666667	11
11-3031	0.111666666667	0.278333333333	0.0	0.278333333333	0.833333333333	1.0	2
41-2031	0.278333333333	0.0	0.111666666667	0.388333333333	1.0	0.5	3
53-2012	0.945	0.555	0.0	0.221666666667	0.555	0.445	0
53-2011	1.0	0.555	0.055	0.111666666667	0.333333333333	0.721666666667	0
51-7021	1.0	0.0	0.278333333333	0.0	0.111666666667	0.166666666667	11
11-9061	0.055	0.166666666667	0.166666666667	0.555	1.0	0.611666666667	3
37-2012	0.945	0.055	0.0	0.333333333333	0.221666666667	0.666666666667	0
47-2041	1.0	0.055	0.055	0.111666666667	0.333333333333	0.278333333333	11
47-2043	1.0	0.0	0.0	0.0	0.055	0.166666666667	11
39-3031	0.555	0.0	0.055	0.666666666667	0.611666666667	0.666666666667	3
47-2044	1.0	0.278333333333	0.445	0.055	0.111666666667	0.611666666667	0
47-5013	1.0	0.445	0.0	0.055	0.221666666667	0.555	0
47-5012	1.0	0.166666666667	0.0	0.166666666667	0.5	0.388333333333	1
45-3011	1.0	0.166666666667	0.0	0.0	0.221666666667	0.111666666667	11
13-1011	0.055	0.055	0.333333333333	0.555	1.0	0.611666666667	3
11-9081	0.333333333333	0.111666666667	0.055	0.5	1.0	0.721666666667	3
19-3011	0.221666666667	1.0	0.278333333333	0.111666666667	0.5	0.611666666667	0
11-2031	0.055	0.055	0.666666666667	0.445	1.0	0.445	5
35-3011	0.555	0.055	0.166666666667	0.445	0.778333333333	0.778333333333	2
29-2034	0.945	0.445	0.055	0.666666666667	0.333333333333	0.333333333333	11
29-2035	0.666666666667	0.388333333333	0.111666666667	0.445	0.221666666667	0.555	0
27-1027	0.666666666667	0.333333333333	1.0	0.166666666667	0.388333333333	0.221666666667	9
29-2031	0.721666666667	0.721666666667	0.055	0.721666666667	0.221666666667	0.445	10
29-2032	0.721666666667	0.833333333333	0.111666666667	0.778333333333	0.278333333333	0.388333333333	9
29-2033	0.833333333333	0.888333333333	0.055	0.5	0.111666666667	0.445	10
29-1031	0.221666666667	0.945	0.221666666667	0.888333333333	0.5	0.166666666667	7
53-4011	1.0	0.221666666667	0.055	0.111666666667	0.221666666667	0.611666666667	0
51-9031	1.0	0.221666666667	0.111666666667	0.0	0.166666666667	0.721666666667	0
15-2091	0.778333333333	0.888333333333	0.221666666667	0.055	0.055	0.721666666667	11
47-4011	1.0	0.611666666667	0.055	0.0	0.278333333333	0.833333333333	0
35-9021	1.0	0.055	0.0	0.055	0.221666666667	0.5	0
19-4051	1.0	0.666666666667	0.111666666667	0.055	0.166666666667	0.721666666667	0
33-1021	0.778333333333	0.278333333333	0.055	0.721666666667	1.0	0.333333333333	3
49-1011	0.611666666667	0.221666666667	0.0	0.278333333333	1.0	0.778333333333	2
35-3022	0.778333333333	0.0	0.055	0.721666666667	0.445	0.166666666667	11
41-9011	0.445	0.0	0.166666666667	0.278333333333	1.0	0.666666666667	3
53-7111	1.0	0.055	0.0	0.0	0.111666666667	0.221666666667	11
41-9012	0.611666666667	0.0	0.888333333333	0.055	0.721666666667	0.278333333333	7
11-9199	0.111666666667	0.166666666667	0.111666666667	0.388333333333	1.0	0.721666666667	3
51-3011	0.945	0.055	0.221666666667	0.0	0.333333333333	0.5	0
47-2211	1.0	0.055	0.111666666667	0.0	0.111666666667	0.166666666667	11
13-1121	0.111666666667	0.055	0.221666666667	0.555	1.0	0.666666666667	3
27-3041	0.055	0.166666666667	0.888333333333	0.166666666667	0.833333333333	0.5	4
27-3042	0.055	0.555	0.888333333333	0.055	0.278333333333	0.445	8
27-3043	0.111666666667	0.333333333333	0.888333333333	0.221666666667	0.945	0.333333333333	5
13-1081	0.221666666667	0.221666666667	0.055	0.388333333333	1.0	0.778333333333	3
43-5041	0.721666666667	0.111666666667	0.0	0.278333333333	0.278333333333	1.0	1
53-5011	1.0	0.333333333333	0.0	0.0	0.388333333333	0.666666666667	0
51-9071	0.945	0.278333333333	0.888333333333	0.0	0.445	0.278333333333	10
47-4051	1.0	0.333333333333	0.0	0.055	0.221666666667	0.555	0
25-9021	0.721666666667	0.555	0.221666666667	1.0	0.611666666667	0.221666666667	5
27-4012	1.0	0.555	0.111666666667	0.111666666667	0.166666666667	0.721666666667	0
27-4013	0.888333333333	0.166666666667	0.055	0.0	0.166666666667	0.555	0
27-4011	1.0	0.666666666667	0.388333333333	0.0	0.111666666667	0.611666666667	11
25-4011	0.333333333333	0.721666666667	0.111666666667	0.388333333333	0.221666666667	0.945	0
27-4014	0.945	0.278333333333	0.666666666667	0.0	0.388333333333	0.445	10
19-2099	0.888333333333	0.833333333333	0.221666666667	0.0	0.111666666667	0.388333333333	11
53-7121	1.0	0.333333333333	0.0	0.055	0.166666666667	0.666666666667	0
43-5053	0.611666666667	0.0	0.0	0.055	0.221666666667	1.0	1
51-2011	1.0	0.111666666667	0.0	0.0	0.166666666667	0.278333333333	11
51-9041	1.0	0.445	0.055	0.0	0.111666666667	0.721666666667	0
53-3021	1.0	0.0	0.0	0.445	0.333333333333	0.221666666667	11
51-4194	1.0	0.166666666667	0.055	0.0	0.166666666667	0.333333333333	11
39-1012	0.888333333333	0.111666666667	0.0	0.278333333333	0.611666666667	0.888333333333	1
39-1011	0.388333333333	0.055	0.055	0.445	1.0	0.666666666667	3
33-3012	0.945	0.166666666667	0.0	0.278333333333	0.666666666667	0.611666666667	1
33-3011	0.888333333333	0.111666666667	0.0	0.278333333333	0.611666666667	0.611666666667	1
43-4141	0.221666666667	0.166666666667	0.0	0.555	0.778333333333	0.945	3
53-7011	0.945	0.0	0.0	0.0	0.221666666667	0.278333333333	11
17-2041	0.888333333333	0.945	0.166666666667	0.0	0.333333333333	0.445	10
39-7011	0.221666666667	0.055	0.278333333333	0.945	0.611666666667	0.055	5
39-7012	0.333333333333	0.166666666667	0.278333333333	0.5	0.888333333333	0.778333333333	3
47-2131	0.945	0.055	0.0	0.0	0.111666666667	0.221666666667	11
47-2132	1.0	0.5	0.111666666667	0.0	0.111666666667	0.666666666667	0
25-2023	0.055	0.555	0.721666666667	1.0	0.278333333333	0.555	7
25-2022	0.221666666667	0.388333333333	0.666666666667	1.0	0.388333333333	0.333333333333	6
25-2021	0.055	0.445	0.555	1.0	0.221666666667	0.5	6
43-9041	0.0	0.166666666667	0.0	0.333333333333	0.611666666667	0.945	2
47-4041	0.945	0.333333333333	0.0	0.111666666667	0.221666666667	0.445	11
17-2141	0.888333333333	0.945	0.278333333333	0.166666666667	0.111666666667	0.5	11
13-2099	0.221666666667	0.945	0.445	0.055	0.333333333333	0.778333333333	11
43-3031	0.221666666667	0.221666666667	0.0	0.111666666667	0.445	1.0	1
53-6021	0.945	0.0	0.0	0.278333333333	0.388333333333	0.778333333333	0
33-9011	0.945	0.388333333333	0.055	0.5	0.166666666667	0.5	1
11-3071	0.278333333333	0.166666666667	0.111666666667	0.166666666667	1.0	0.721666666667	3
39-6012	0.278333333333	0.0	0.278333333333	0.778333333333	0.721666666667	0.388333333333	5
39-3012	0.555	0.0	0.055	0.333333333333	0.721666666667	0.945	2
47-5051	1.0	0.278333333333	0.055	0.0	0.055	0.445	11
13-2061	0.055	0.333333333333	0.055	0.166666666667	0.945	0.778333333333	3
11-9141	0.333333333333	0.0	0.055	0.445	1.0	0.778333333333	3
43-4021	0.278333333333	0.221666666667	0.166666666667	0.278333333333	0.555	0.945	2
43-3041	0.5	0.055	0.0	0.278333333333	0.611666666667	1.0	2
53-7062	1.0	0.0	0.0	0.0	0.111666666667	0.221666666667	11
51-7031	1.0	0.388333333333	0.611666666667	0.0	0.0	0.555	11
51-7032	1.0	0.555	0.5	0.0	0.055	0.5	11
53-1011	0.778333333333	0.278333333333	0.055	0.166666666667	1.0	0.445	2
51-3023	1.0	0.166666666667	0.111666666667	0.0	0.278333333333	0.666666666667	0
51-3022	1.0	0.055	0.0	0.0	0.055	0.166666666667	11
51-3021	0.945	0.111666666667	0.055	0.055	0.5	0.611666666667	1
19-3051	0.333333333333	0.945	0.5	0.166666666667	0.611666666667	0.333333333333	8
29-1071	0.5	0.888333333333	0.166666666667	0.888333333333	0.111666666667	0.278333333333	9
51-4034	1.0	0.611666666667	0.166666666667	0.0	0.055	0.555	11
13-1111	0.055	0.888333333333	0.111666666667	0.221666666667	0.833333333333	0.555	1
39-9031	0.721666666667	0.111666666667	0.333333333333	1.0	0.555	0.055	4
39-9032	0.445	0.0	0.555	0.888333333333	0.778333333333	0.221666666667	5
29-2071	0.166666666667	0.0	0.0	0.221666666667	0.445	1.0	1
21-1022	0.0	0.5	0.388333333333	1.0	0.388333333333	0.333333333333	7
21-1023	0.0	0.611666666667	0.555	1.0	0.278333333333	0.333333333333	7
21-1021	0.0	0.388333333333	0.445	1.0	0.555	0.333333333333	5
53-4041	1.0	0.278333333333	0.0	0.278333333333	0.333333333333	0.721666666667	0
11-9032	0.055	0.166666666667	0.278333333333	0.888333333333	0.945	0.555	4
11-9033	0.0	0.333333333333	0.333333333333	0.611666666667	1.0	0.666666666667	3
53-6051	0.945	0.721666666667	0.0	0.055	0.278333333333	0.778333333333	0
11-9031	0.0	0.111666666667	0.278333333333	0.833333333333	0.833333333333	0.5	4
45-1011	0.778333333333	0.166666666667	0.055	0.333333333333	1.0	0.555	2
53-3022	1.0	0.111666666667	0.0	0.388333333333	0.388333333333	0.666666666667	0
19-4011	0.888333333333	0.666666666667	0.0	0.055	0.221666666667	0.555	11
11-9039	0.055	0.388333333333	0.278333333333	0.221666666667	0.833333333333	0.611666666667	3
51-6091	1.0	0.221666666667	0.0	0.0	0.166666666667	0.278333333333	11
13-1161	0.055	0.945	0.111666666667	0.055	0.666666666667	0.5	0
11-9131	0.333333333333	0.111666666667	0.0	0.555	1.0	0.778333333333	3
47-5031	0.945	0.778333333333	0.055	0.055	0.221666666667	0.611666666667	11
17-3031	0.778333333333	0.388333333333	0.166666666667	0.0	0.166666666667	0.778333333333	0
25-1071	0.111666666667	0.833333333333	0.445	0.945	0.221666666667	0.278333333333	7
51-9083	1.0	0.221666666667	0.0	0.0	0.166666666667	0.445	11
25-1072	0.221666666667	0.778333333333	0.445	1.0	0.221666666667	0.166666666667	7
41-3031	0.055	0.221666666667	0.055	0.388333333333	1.0	0.778333333333	3
13-1023	0.445	0.278333333333	0.0	0.166666666667	0.888333333333	0.945	2
13-1022	0.388333333333	0.166666666667	0.055	0.221666666667	1.0	0.778333333333	3
13-1021	0.5	0.055	0.111666666667	0.278333333333	0.888333333333	0.833333333333	2
19-3022	0.0	0.945	0.166666666667	0.055	0.611666666667	0.666666666667	1
27-2032	0.278333333333	0.111666666667	1.0	0.666666666667	0.611666666667	0.111666666667	6
27-2031	0.721666666667	0.111666666667	1.0	0.388333333333	0.333333333333	0.0	9
51-6042	1.0	0.055	0.0	0.0	0.111666666667	0.278333333333	11
51-6041	1.0	0.111666666667	0.5	0.111666666667	0.111666666667	0.611666666667	0
27-3031	0.0	0.166666666667	0.666666666667	0.611666666667	1.0	0.333333333333	5
15-1132	0.666666666667	0.945	0.221666666667	0.0	0.278333333333	0.611666666667	11
15-1131	0.388333333333	1.0	0.333333333333	0.166666666667	0.166666666667	0.778333333333	11
51-6093	0.945	0.0	0.111666666667	0.0	0.221666666667	0.166666666667	11
15-1134	0.555	0.666666666667	0.5	0.0	0.388333333333	0.721666666667	11
51-4081	1.0	0.166666666667	0.0	0.055	0.111666666667	0.221666666667	11
45-2021	0.945	0.445	0.055	0.0	0.278333333333	0.278333333333	11
25-9011	0.721666666667	0.333333333333	0.166666666667	0.611666666667	0.166666666667	0.721666666667	1
49-9052	0.945	0.166666666667	0.0	0.0	0.333333333333	0.278333333333	11
33-3052	0.945	0.278333333333	0.0	0.166666666667	0.611666666667	0.555	1
33-3051	0.778333333333	0.166666666667	0.0	0.5	0.721666666667	0.555	2
49-3031	1.0	0.221666666667	0.0	0.0	0.111666666667	0.388333333333	11
27-4021	0.611666666667	0.166666666667	0.833333333333	0.221666666667	0.388333333333	0.055	9
51-8031	0.888333333333	0.221666666667	0.055	0.0	0.166666666667	0.445	11
51-4122	1.0	0.388333333333	0.055	0.0	0.388333333333	0.611666666667	0
35-2021	0.945	0.111666666667	0.055	0.278333333333	0.278333333333	0.833333333333	0
47-2171	1.0	0.388333333333	0.111666666667	0.0	0.0	0.611666666667	0
19-2042	0.666666666667	1.0	0.333333333333	0.055	0.221666666667	0.388333333333	10
19-2043	0.721666666667	1.0	0.333333333333	0.055	0.278333333333	0.333333333333	10
19-2041	0.721666666667	1.0	0.388333333333	0.111666666667	0.111666666667	0.5	11
51-2041	1.0	0.333333333333	0.278333333333	0.0	0.111666666667	0.666666666667	0
43-9081	0.055	0.111666666667	0.388333333333	0.278333333333	0.278333333333	0.945	1
29-1151	0.666666666667	0.945	0.111666666667	0.555	0.055	0.278333333333	10
31-9011	0.778333333333	0.445	0.111666666667	0.888333333333	0.221666666667	0.333333333333	6
39-6011	1.0	0.0	0.0	0.388333333333	0.333333333333	0.555	0
15-2031	0.333333333333	0.888333333333	0.278333333333	0.111666666667	0.611666666667	0.721666666667	1
45-2091	1.0	0.111666666667	0.0	0.0	0.111666666667	0.166666666667	11
45-2092	1.0	0.055	0.0	0.0	0.055	0.166666666667	11
45-2093	1.0	0.055	0.0	0.0	0.055	0.221666666667	11
11-3131	0.055	0.166666666667	0.445	0.833333333333	1.0	0.5	4
43-4171	0.111666666667	0.0	0.0	0.388333333333	0.721666666667	0.945	2
43-4071	0.611666666667	0.221666666667	0.0	0.221666666667	0.445	1.0	1
23-1021	0.0	0.666666666667	0.333333333333	0.5	0.945	0.388333333333	5
23-1022	0.0	0.278333333333	0.388333333333	0.945	0.888333333333	0.5	4
23-1023	0.055	0.445	0.166666666667	0.778333333333	1.0	0.5	4
19-1032	0.945	0.778333333333	0.055	0.221666666667	0.5	0.333333333333	11
19-1031	0.721666666667	0.721666666667	0.166666666667	0.166666666667	0.721666666667	0.278333333333	0
51-6064	0.945	0.111666666667	0.0	0.0	0.166666666667	0.388333333333	11
39-1021	0.221666666667	0.0	0.221666666667	0.611666666667	1.0	0.666666666667	3
39-5012	0.555	0.055	0.888333333333	0.611666666667	0.721666666667	0.388333333333	6
33-3021	0.445	0.778333333333	0.055	0.388333333333	0.778333333333	0.445	1
39-5011	0.833333333333	0.111666666667	0.221666666667	0.388333333333	0.555	0.555	1
53-7061	0.945	0.055	0.0	0.055	0.166666666667	0.388333333333	11
53-7063	1.0	0.0	0.0	0.0	0.055	0.278333333333	11
13-2021	0.333333333333	0.445	0.0	0.055	0.721666666667	0.778333333333	2
53-7064	0.945	0.0	0.0	0.0	0.166666666667	0.278333333333	11
47-2053	1.0	0.0	0.166666666667	0.0	0.111666666667	0.166666666667	11
43-9031	0.388333333333	0.5	0.833333333333	0.055	0.166666666667	0.445	8
51-9061	0.888333333333	0.445	0.0	0.111666666667	0.278333333333	0.945	1
19-2032	0.666666666667	1.0	0.278333333333	0.055	0.445	0.388333333333	10
19-2031	0.5	1.0	0.166666666667	0.0	0.166666666667	0.388333333333	10
49-9094	1.0	0.111666666667	0.0	0.111666666667	0.221666666667	0.445	11
17-2031	0.778333333333	1.0	0.278333333333	0.166666666667	0.221666666667	0.445	10
47-2051	1.0	0.111666666667	0.055	0.0	0.333333333333	0.278333333333	11
49-9097	1.0	0.166666666667	0.0	0.0	0.111666666667	0.388333333333	11
53-4012	0.945	0.333333333333	0.0	0.055	0.221666666667	0.721666666667	0
51-9151	0.555	0.166666666667	0.278333333333	0.166666666667	0.166666666667	0.888333333333	1
49-9096	1.0	0.445	0.055	0.0	0.221666666667	0.666666666667	0
39-4011	0.945	0.5	0.055	0.333333333333	0.388333333333	0.611666666667	0
35-9011	1.0	0.055	0.0	0.445	0.278333333333	0.611666666667	0
25-1067	0.0	0.666666666667	0.5	1.0	0.221666666667	0.278333333333	7
29-1022	0.833333333333	0.666666666667	0.111666666667	0.778333333333	0.333333333333	0.278333333333	10
25-1064	0.278333333333	0.833333333333	0.555	1.0	0.166666666667	0.445	7
47-2231	0.945	0.278333333333	0.055	0.111666666667	0.111666666667	0.5	0
51-3092	1.0	0.388333333333	0.111666666667	0.0	0.333333333333	0.833333333333	0
51-3093	1.0	0.388333333333	0.0	0.055	0.278333333333	0.721666666667	0
53-6011	0.945	0.111666666667	0.0	0.055	0.445	0.555	0
11-9071	0.388333333333	0.166666666667	0.111666666667	0.333333333333	1.0	0.666666666667	3
25-1063	0.0	0.721666666667	0.445	1.0	0.388333333333	0.333333333333	7
43-3071	0.278333333333	0.055	0.0	0.166666666667	0.611666666667	0.945	2
25-4012	0.221666666667	0.5	0.5	0.388333333333	0.888333333333	0.778333333333	3
25-4013	1.0	0.445	0.5	0.111666666667	0.333333333333	0.445	11
13-2053	0.055	0.388333333333	0.0	0.221666666667	0.611666666667	0.888333333333	2
13-2052	0.0	0.333333333333	0.055	0.445	0.945	0.778333333333	3
13-2051	0.278333333333	0.778333333333	0.221666666667	0.0	0.666666666667	0.945	1
27-3012	0.111666666667	0.0	0.5	0.833333333333	0.778333333333	0.166666666667	5
29-1024	0.833333333333	1.0	0.221666666667	0.5	0.055	0.333333333333	10
25-1031	0.388333333333	0.333333333333	0.721666666667	1.0	0.221666666667	0.278333333333	6
29-1023	0.721666666667	1.0	0.111666666667	0.611666666667	0.388333333333	0.221666666667	10
29-1021	0.721666666667	1.0	0.111666666667	0.5	0.221666666667	0.333333333333	10
29-1181	0.278333333333	0.945	0.221666666667	0.888333333333	0.111666666667	0.445	8
11-2021	0.0	0.221666666667	0.445	0.278333333333	1.0	0.721666666667	3
11-2022	0.333333333333	0.166666666667	0.166666666667	0.445	1.0	0.611666666667	3
51-9121	1.0	0.445	0.166666666667	0.0	0.111666666667	0.611666666667	0
21-1015	0.0	0.5	0.445	1.0	0.388333333333	0.388333333333	7
21-1014	0.055	0.611666666667	0.5	1.0	0.221666666667	0.221666666667	7
21-1013	0.0	0.5	0.555	1.0	0.278333333333	0.221666666667	7
21-1012	0.0	0.388333333333	0.445	1.0	0.445	0.388333333333	6
21-1011	0.055	0.5	0.555	1.0	0.333333333333	0.166666666667	7
35-3031	0.555	0.0	0.221666666667	0.778333333333	0.721666666667	0.666666666667	3
53-1021	0.611666666667	0.055	0.0	0.221666666667	1.0	0.555	2
19-4041	0.778333333333	0.666666666667	0.055	0.055	0.278333333333	0.945	0
39-9041	0.221666666667	0.055	0.278333333333	0.945	0.721666666667	0.611666666667	4
49-9061	1.0	0.611666666667	0.166666666667	0.0	0.111666666667	0.611666666667	11
39-2021	0.945	0.221666666667	0.0	0.388333333333	0.333333333333	0.721666666667	0
51-9122	1.0	0.388333333333	0.388333333333	0.0	0.055	0.555	0
47-2221	1.0	0.333333333333	0.055	0.0	0.166666666667	0.333333333333	11
25-1081	0.055	0.5	0.555	1.0	0.333333333333	0.278333333333	7
13-1151	0.055	0.221666666667	0.611666666667	0.945	0.5	0.611666666667	5
51-9123	1.0	0.055	0.278333333333	0.055	0.111666666667	0.278333333333	11
43-5071	0.666666666667	0.0	0.0	0.0	0.445	0.888333333333	1
51-4071	1.0	0.388333333333	0.221666666667	0.0	0.166666666667	0.5	0
51-4072	1.0	0.445	0.111666666667	0.0	0.055	0.666666666667	0
47-5061	1.0	0.055	0.0	0.0	0.055	0.278333333333	11
43-9111	0.278333333333	0.721666666667	0.166666666667	0.055	0.445	1.0	0
13-1074	0.333333333333	0.0	0.0	0.333333333333	1.0	0.221666666667	3
13-1075	0.0	0.333333333333	0.221666666667	0.555	0.888333333333	0.611666666667	3
13-1071	0.0	0.278333333333	0.278333333333	0.5	0.833333333333	0.611666666667	3
43-4051	0.111666666667	0.055	0.0	0.555	0.888333333333	0.555	3
51-9195	1.0	0.111666666667	0.833333333333	0.0	0.111666666667	0.278333333333	10
51-9194	1.0	0.0	0.278333333333	0.111666666667	0.221666666667	0.388333333333	11
51-9197	1.0	0.333333333333	0.055	0.0	0.111666666667	0.555	0
51-9196	0.945	0.333333333333	0.0	0.0	0.221666666667	0.611666666667	0
51-5111	0.888333333333	0.0	0.111666666667	0.0	0.166666666667	0.778333333333	0
51-9193	1.0	0.5	0.0	0.0	0.111666666667	0.666666666667	0
37-3013	1.0	0.055	0.055	0.055	0.221666666667	0.221666666667	11
51-9199	0.945	0.055	0.055	0.055	0.111666666667	0.945	0
51-9051	1.0	0.278333333333	0.0	0.0	0.166666666667	0.5	0
51-4031	1.0	0.388333333333	0.0	0.0	0.221666666667	0.721666666667	0
51-4033	1.0	0.111666666667	0.0	0.0	0.111666666667	0.221666666667	11
51-4032	1.0	0.611666666667	0.111666666667	0.0	0.166666666667	0.666666666667	0
33-9099	0.388333333333	0.388333333333	0.111666666667	0.111666666667	0.833333333333	0.833333333333	2
51-9111	1.0	0.333333333333	0.111666666667	0.0	0.111666666667	0.721666666667	0
43-4081	0.221666666667	0.0	0.055	0.5	0.721666666667	0.833333333333	3
43-4131	0.055	0.055	0.0	0.278333333333	0.611666666667	1.0	2
33-9091	0.5	0.0	0.055	0.778333333333	0.721666666667	0.166666666667	4
33-9092	0.888333333333	0.278333333333	0.0	0.833333333333	0.333333333333	0.278333333333	11
33-9093	0.778333333333	0.111666666667	0.0	0.278333333333	0.778333333333	0.555	1
53-3032	1.0	0.333333333333	0.0	0.0	0.166666666667	0.611666666667	0
53-3033	1.0	0.278333333333	0.0	0.0	0.333333333333	0.721666666667	0
47-2121	1.0	0.055	0.0	0.0	0.166666666667	0.278333333333	11
47-2081	1.0	0.333333333333	0.166666666667	0.055	0.166666666667	0.721666666667	0
25-9041	0.0	0.278333333333	0.445	1.0	0.333333333333	0.721666666667	4
47-2082	1.0	0.111666666667	0.0	0.0	0.111666666667	0.221666666667	11
43-9071	0.833333333333	0.0	0.0	0.111666666667	0.278333333333	0.778333333333	0
29-1161	0.388333333333	0.5	0.221666666667	1.0	0.333333333333	0.055	7
17-2071	0.833333333333	0.888333333333	0.166666666667	0.0	0.333333333333	0.445	10
53-3041	0.778333333333	0.055	0.0	0.333333333333	0.666666666667	0.278333333333	1
17-2072	0.778333333333	1.0	0.5	0.166666666667	0.278333333333	0.445	10
25-2031	0.111666666667	0.278333333333	0.611666666667	1.0	0.5	0.333333333333	6
25-2032	0.388333333333	0.445	0.445	1.0	0.445	0.278333333333	6
39-2011	1.0	0.445	0.166666666667	0.445	0.278333333333	0.445	11
47-4061	1.0	0.055	0.0	0.0	0.111666666667	0.221666666667	11
49-9012	1.0	0.5	0.0	0.0	0.166666666667	0.611666666667	0
51-5112	0.888333333333	0.111666666667	0.111666666667	0.055	0.166666666667	0.666666666667	0
19-4093	0.721666666667	0.5	0.278333333333	0.388333333333	0.5	0.333333333333	0
19-4092	0.721666666667	0.945	0.221666666667	0.055	0.055	0.666666666667	11
19-4091	0.721666666667	0.833333333333	0.055	0.055	0.221666666667	0.445	10
43-4041	0.111666666667	0.055	0.0	0.221666666667	0.666666666667	0.888333333333	2
13-2081	0.278333333333	0.166666666667	0.0	0.388333333333	0.778333333333	1.0	2
19-4099	0.611666666667	0.721666666667	0.055	0.0	0.278333333333	0.888333333333	0
43-3021	0.278333333333	0.166666666667	0.055	0.5	0.721666666667	1.0	3
17-2151	0.778333333333	0.888333333333	0.111666666667	0.055	0.555	0.445	11
33-9021	0.445	0.333333333333	0.055	0.388333333333	0.945	0.666666666667	3
51-6092	0.778333333333	0.055	0.611666666667	0.0	0.166666666667	0.445	10
27-3011	0.0	0.166666666667	0.778333333333	0.611666666667	0.721666666667	0.166666666667	6
53-4021	1.0	0.055	0.0	0.055	0.221666666667	0.388333333333	11
47-5041	1.0	0.388333333333	0.0	0.0	0.166666666667	0.445	11
13-2011	0.055	0.333333333333	0.0	0.111666666667	0.5	1.0	2
45-4011	1.0	0.445	0.055	0.111666666667	0.333333333333	0.611666666667	0
11-1011	0.055	0.166666666667	0.278333333333	0.445	1.0	0.721666666667	3
49-3093	1.0	0.333333333333	0.0	0.166666666667	0.166666666667	0.5	0
49-3092	1.0	0.611666666667	0.055	0.055	0.221666666667	0.5	11
49-3091	1.0	0.445	0.166666666667	0.0	0.278333333333	0.555	0
25-1082	0.111666666667	0.778333333333	0.5	0.945	0.166666666667	0.555	7
43-4031	0.445	0.166666666667	0.0	0.388333333333	0.555	1.0	2
51-2091	1.0	0.445	0.166666666667	0.0	0.055	0.721666666667	0
27-1024	0.555	0.111666666667	1.0	0.166666666667	0.555	0.221666666667	8
27-1025	0.333333333333	0.111666666667	0.945	0.333333333333	0.721666666667	0.055	6
27-1026	0.666666666667	0.111666666667	0.833333333333	0.111666666667	0.721666666667	0.166666666667	7
29-1069	0.611666666667	1.0	0.333333333333	0.778333333333	0.055	0.111666666667	9
29-2041	0.555	0.611666666667	0.055	0.888333333333	0.5	0.278333333333	6
27-1021	0.5	0.166666666667	0.945	0.166666666667	0.611666666667	0.111666666667	7
27-1022	0.5	0.111666666667	1.0	0.221666666667	0.833333333333	0.055	6
27-1023	0.555	0.0	0.888333333333	0.221666666667	0.666666666667	0.278333333333	7
29-1062	0.5	0.945	0.166666666667	0.833333333333	0.278333333333	0.278333333333	9
29-1063	0.555	0.945	0.166666666667	0.721666666667	0.445	0.278333333333	9
29-1061	0.666666666667	0.721666666667	0.166666666667	0.666666666667	0.278333333333	0.278333333333	10
29-1066	0.166666666667	1.0	0.555	0.778333333333	0.166666666667	0.278333333333	8
29-1067	0.778333333333	0.888333333333	0.221666666667	0.666666666667	0.333333333333	0.278333333333	10
29-1064	0.666666666667	1.0	0.166666666667	0.833333333333	0.445	0.166666666667	9
29-1065	0.388333333333	1.0	0.278333333333	0.833333333333	0.221666666667	0.333333333333	8
41-2011	0.278333333333	0.0	0.055	0.278333333333	0.555	0.945	2
41-2012	0.388333333333	0.0	0.0	0.166666666667	0.611666666667	0.945	2
47-3015	1.0	0.055	0.0	0.0	0.111666666667	0.221666666667	11
47-3014	0.945	0.0	0.111666666667	0.055	0.221666666667	0.278333333333	11
47-3016	1.0	0.166666666667	0.0	0.166666666667	0.166666666667	0.555	0
47-3011	1.0	0.0	0.0	0.055	0.111666666667	0.221666666667	11
47-3013	0.945	0.278333333333	0.055	0.055	0.111666666667	0.388333333333	11
47-3012	1.0	0.166666666667	0.055	0.055	0.221666666667	0.555	0
11-9041	0.611666666667	0.611666666667	0.111666666667	0.055	1.0	0.5	1
53-6041	0.888333333333	0.611666666667	0.055	0.221666666667	0.445	0.333333333333	11
43-5031	0.611666666667	0.278333333333	0.0	0.388333333333	0.5	0.945	1
43-5032	0.5	0.111666666667	0.0	0.333333333333	0.5	0.945	1
47-2061	1.0	0.0	0.0	0.0	0.221666666667	0.278333333333	11
51-8012	0.945	0.666666666667	0.055	0.055	0.5	0.555	0
17-1011	0.5	0.666666666667	0.945	0.111666666667	0.5	0.221666666667	9
11-9121	0.333333333333	0.721666666667	0.055	0.111666666667	1.0	0.333333333333	3
51-4111	0.945	0.666666666667	0.388333333333	0.0	0.055	0.555	11
15-1199	0.555	0.888333333333	0.166666666667	0.0	0.111666666667	0.833333333333	11
47-4091	1.0	0.0	0.111666666667	0.0	0.221666666667	0.278333333333	11
51-9011	1.0	0.166666666667	0.055	0.0	0.166666666667	0.388333333333	11
51-9012	1.0	0.555	0.055	0.055	0.221666666667	0.666666666667	0
41-3021	0.221666666667	0.111666666667	0.055	0.445	1.0	0.721666666667	3
19-3039	0.278333333333	1.0	0.555	0.666666666667	0.0	0.166666666667	8
25-1066	0.055	0.888333333333	0.555	0.945	0.333333333333	0.333333333333	7
13-1031	0.278333333333	0.388333333333	0.055	0.278333333333	0.721666666667	0.945	2
13-1032	0.778333333333	0.166666666667	0.0	0.221666666667	0.555	0.945	1
25-1065	0.0	0.388333333333	0.5	1.0	0.611666666667	0.333333333333	5
25-1062	0.111666666667	0.833333333333	0.555	0.945	0.221666666667	0.221666666667	7
19-3031	0.055	1.0	0.445	0.833333333333	0.111666666667	0.445	8
19-3032	0.0	0.888333333333	0.5	0.5	0.721666666667	0.278333333333	7
25-1061	0.221666666667	0.721666666667	0.445	1.0	0.278333333333	0.278333333333	7
27-2042	0.111666666667	0.0	1.0	0.278333333333	0.555	0.0	6
27-2041	0.278333333333	0.221666666667	1.0	0.611666666667	0.778333333333	0.166666666667	6
31-9099	0.333333333333	0.333333333333	0.166666666667	0.888333333333	0.278333333333	0.778333333333	4
31-9092	0.555	0.333333333333	0.055	0.888333333333	0.221666666667	0.888333333333	2
31-9093	0.888333333333	0.445	0.0	0.166666666667	0.166666666667	0.833333333333	0
31-9091	0.778333333333	0.388333333333	0.055	0.611666666667	0.278333333333	0.833333333333	1
31-9096	0.945	0.5	0.166666666667	0.555	0.166666666667	0.278333333333	10
31-9097	0.666666666667	0.5	0.0	0.5	0.166666666667	0.778333333333	0
31-9094	0.5	0.388333333333	0.221666666667	0.166666666667	0.278333333333	1.0	1
31-9095	0.611666666667	0.278333333333	0.0	0.388333333333	0.388333333333	1.0	1
15-1121	0.555	0.888333333333	0.111666666667	0.166666666667	0.388333333333	0.888333333333	11
15-1122	0.611666666667	0.721666666667	0.111666666667	0.221666666667	0.221666666667	0.888333333333	0
51-4022	1.0	0.388333333333	0.0	0.0	0.166666666667	0.555	0
51-4023	0.945	0.166666666667	0.0	0.0	0.333333333333	0.5	0
49-9031	1.0	0.555	0.0	0.111666666667	0.278333333333	0.666666666667	0
51-4021	1.0	0.055	0.0	0.0	0.111666666667	0.278333333333	11
27-3022	0.111666666667	0.5	0.888333333333	0.278333333333	0.555	0.333333333333	7
27-3021	0.055	0.5	0.888333333333	0.666666666667	0.611666666667	0.221666666667	6
43-6012	0.221666666667	0.166666666667	0.0	0.221666666667	0.555	1.0	2
43-6013	0.333333333333	0.388333333333	0.055	0.555	0.388333333333	1.0	3
47-1011	0.778333333333	0.111666666667	0.0	0.221666666667	1.0	0.611666666667	2
43-6011	0.278333333333	0.278333333333	0.055	0.388333333333	0.611666666667	1.0	2
41-4012	0.445	0.166666666667	0.0	0.333333333333	0.833333333333	0.888333333333	2
43-6014	0.055	0.0	0.055	0.333333333333	0.666666666667	1.0	2
41-4011	0.388333333333	0.388333333333	0.111666666667	0.278333333333	1.0	0.721666666667	3
49-3022	1.0	0.0	0.0	0.111666666667	0.333333333333	0.388333333333	11
49-3023	1.0	0.445	0.0	0.055	0.333333333333	0.333333333333	11
49-9044	1.0	0.333333333333	0.111666666667	0.0	0.055	0.333333333333	11
49-3021	1.0	0.111666666667	0.111666666667	0.0	0.221666666667	0.221666666667	11
49-9043	1.0	0.445	0.055	0.055	0.166666666667	0.666666666667	0
47-4031	1.0	0.278333333333	0.055	0.0	0.278333333333	0.611666666667	0
27-4031	0.888333333333	0.278333333333	0.833333333333	0.221666666667	0.221666666667	0.445	10
27-4032	0.278333333333	0.445	0.945	0.111666666667	0.445	0.221666666667	8
51-8021	1.0	0.611666666667	0.0	0.055	0.221666666667	0.555	11
47-2161	1.0	0.0	0.221666666667	0.0	0.166666666667	0.221666666667	11
51-2031	1.0	0.166666666667	0.0	0.0	0.055	0.333333333333	11
29-1128	0.5	0.721666666667	0.445	0.888333333333	0.388333333333	0.278333333333	8
29-1081	0.555	1.0	0.166666666667	0.833333333333	0.278333333333	0.166666666667	9
29-1123	0.555	0.778333333333	0.221666666667	1.0	0.278333333333	0.333333333333	8
29-1122	0.333333333333	0.555	0.388333333333	1.0	0.333333333333	0.445	7
43-4181	0.111666666667	0.055	0.111666666667	0.5	0.778333333333	0.888333333333	3
29-1127	0.111666666667	0.833333333333	0.555	0.945	0.166666666667	0.221666666667	7
29-1126	0.555	0.666666666667	0.055	0.945	0.221666666667	0.278333333333	8
29-1125	0.111666666667	0.445	0.611666666667	1.0	0.388333333333	0.221666666667	6
29-1124	0.721666666667	0.445	0.0	0.778333333333	0.111666666667	0.666666666667	2
21-2011	0.0	0.166666666667	0.611666666667	1.0	0.611666666667	0.278333333333	6
15-2021	0.111666666667	1.0	0.5	0.0	0.111666666667	0.611666666667	10
51-6021	1.0	0.278333333333	0.221666666667	0.055	0.166666666667	0.721666666667	0
11-3121	0.055	0.221666666667	0.221666666667	0.778333333333	1.0	0.666666666667	4
43-4161	0.055	0.111666666667	0.0	0.388333333333	0.611666666667	1.0	2
37-2011	0.945	0.0	0.0	0.055	0.278333333333	0.445	11
49-9051	1.0	0.555	0.221666666667	0.0	0.111666666667	0.5	11
19-1042	0.555	1.0	0.555	0.5	0.111666666667	0.221666666667	9
19-1041	0.445	1.0	0.111666666667	0.5	0.333333333333	0.388333333333	9
53-7072	1.0	0.5	0.0	0.055	0.166666666667	0.611666666667	0
53-7073	1.0	0.445	0.0	0.0	0.055	0.666666666667	0
53-7071	1.0	0.055	0.0	0.0	0.166666666667	0.333333333333	11
53-6061	0.611666666667	0.0	0.055	0.611666666667	0.611666666667	0.555	3
23-1011	0.055	0.611666666667	0.5	0.388333333333	1.0	0.445	6
33-3031	1.0	0.666666666667	0.111666666667	0.445	0.166666666667	0.333333333333	11
43-1011	0.111666666667	0.055	0.111666666667	0.555	0.945	0.778333333333	3
23-1012	0.0	0.5	0.166666666667	0.166666666667	0.721666666667	0.778333333333	2
17-2021	0.888333333333	0.945	0.333333333333	0.055	0.555	0.333333333333	11
51-9032	1.0	0.055	0.0	0.0	0.166666666667	0.333333333333	11
47-2111	1.0	0.388333333333	0.055	0.055	0.278333333333	0.388333333333	11
39-5094	0.611666666667	0.0	0.388333333333	0.611666666667	0.945	0.166666666667	3
47-2042	1.0	0.333333333333	0.221666666667	0.0	0.055	0.721666666667	0
39-5092	0.778333333333	0.0	0.221666666667	0.555	0.666666666667	0.555	2
19-2021	0.555	0.945	0.221666666667	0.445	0.333333333333	0.445	10
39-5091	0.666666666667	0.166666666667	1.0	0.333333333333	0.278333333333	0.0	9
43-9022	0.055	0.0	0.0	0.055	0.278333333333	1.0	1
43-9021	0.555	0.278333333333	0.0	0.0	0.388333333333	1.0	1
53-7081	1.0	0.055	0.0	0.0	0.221666666667	0.445	11
17-2161	0.721666666667	1.0	0.111666666667	0.0	0.221666666667	0.445	10
29-2081	0.555	0.111666666667	0.111666666667	0.555	0.888333333333	0.721666666667	3
21-1094	0.166666666667	0.388333333333	0.278333333333	1.0	0.388333333333	0.333333333333	6
21-1093	0.111666666667	0.166666666667	0.111666666667	0.833333333333	0.555	0.888333333333	3
21-1092	0.055	0.221666666667	0.221666666667	0.945	0.666666666667	0.611666666667	4
21-1091	0.111666666667	0.388333333333	0.388333333333	1.0	0.555	0.278333333333	5
51-9191	0.945	0.055	0.0	0.0	0.166666666667	0.445	11
35-9031	0.333333333333	0.0	0.055	0.555	0.833333333333	0.333333333333	4
11-3011	0.166666666667	0.221666666667	0.0	0.278333333333	1.0	0.721666666667	3
53-2031	0.388333333333	0.055	0.221666666667	0.721666666667	0.833333333333	0.611666666667	4
11-9161	0.445	0.333333333333	0.166666666667	0.888333333333	0.778333333333	0.445	5
23-2011	0.0	0.666666666667	0.111666666667	0.166666666667	0.555	0.778333333333	1
47-5021	1.0	0.666666666667	0.166666666667	0.0	0.055	0.555	11
17-2112	0.555	1.0	0.166666666667	0.055	0.611666666667	0.611666666667	0
43-3061	0.166666666667	0.111666666667	0.0	0.0	0.555	1.0	2
17-2111	0.666666666667	0.888333333333	0.111666666667	0.278333333333	0.333333333333	0.721666666667	11
47-2181	1.0	0.166666666667	0.0	0.0	0.111666666667	0.278333333333	11
45-4023	0.833333333333	0.166666666667	0.0	0.0	0.333333333333	0.611666666667	0
45-4022	1.0	0.445	0.0	0.0	0.111666666667	0.445	11
45-4021	1.0	0.166666666667	0.0	0.0	0.166666666667	0.388333333333	11
13-2041	0.278333333333	0.333333333333	0.0	0.333333333333	0.721666666667	1.0	2
25-1022	0.055	0.778333333333	0.5	0.888333333333	0.111666666667	0.5	7
53-5022	1.0	0.333333333333	0.0	0.111666666667	0.611666666667	0.611666666667	1
29-1051	0.388333333333	1.0	0.055	0.555	0.278333333333	0.721666666667	10
29-1199	0.721666666667	0.666666666667	0.221666666667	0.833333333333	0.166666666667	0.111666666667	9
15-1151	0.778333333333	0.721666666667	0.111666666667	0.555	0.278333333333	0.721666666667	11
53-2022	0.445	0.445	0.0	0.221666666667	0.666666666667	0.666666666667	2
15-1152	0.833333333333	0.278333333333	0.055	0.055	0.5	0.445	1
51-4012	0.778333333333	0.833333333333	0.166666666667	0.055	0.111666666667	0.833333333333	11
51-4011	1.0	0.111666666667	0.0	0.0	0.111666666667	0.278333333333	11
51-9198	1.0	0.333333333333	0.055	0.055	0.055	0.666666666667	0
35-3041	0.555	0.0	0.055	0.888333333333	0.5	0.278333333333	4
29-2012	0.778333333333	0.778333333333	0.111666666667	0.5	0.111666666667	0.555	11
53-1031	0.611666666667	0.111666666667	0.0	0.166666666667	1.0	0.778333333333	2
29-2011	0.778333333333	1.0	0.111666666667	0.166666666667	0.278333333333	0.611666666667	11
43-5061	0.278333333333	0.111666666667	0.0	0.111666666667	0.721666666667	0.945	2
25-4031	0.221666666667	0.055	0.111666666667	0.666666666667	0.445	1.0	3
13-1141	0.221666666667	0.278333333333	0.111666666667	0.278333333333	0.888333333333	0.888333333333	2
51-7041	1.0	0.388333333333	0.111666666667	0.0	0.0	0.666666666667	0
33-2021	0.833333333333	0.388333333333	0.055	0.445	0.445	0.888333333333	1
33-2022	0.888333333333	0.333333333333	0.0	0.221666666667	0.611666666667	0.778333333333	1
51-7042	1.0	0.445	0.111666666667	0.0	0.055	0.611666666667	0
51-4062	1.0	0.555	0.5	0.0	0.055	0.555	11
51-4061	0.945	0.388333333333	0.111666666667	0.0	0.166666666667	0.388333333333	11
11-9013	0.833333333333	0.221666666667	0.278333333333	0.278333333333	1.0	0.611666666667	2
17-3011	0.721666666667	0.611666666667	0.778333333333	0.055	0.221666666667	0.555	10
17-3012	0.721666666667	0.555	0.5	0.111666666667	0.111666666667	0.833333333333	11
17-3013	0.945	0.5	0.388333333333	0.0	0.221666666667	0.5	11
25-3021	0.111666666667	0.278333333333	0.721666666667	1.0	0.5	0.166666666667	6
21-2021	0.055	0.0	0.278333333333	0.833333333333	1.0	0.5	4
13-1041	0.666666666667	0.833333333333	0.166666666667	0.166666666667	0.166666666667	0.833333333333	11
25-1054	0.445	0.833333333333	0.388333333333	0.888333333333	0.278333333333	0.221666666667	7
25-1053	0.333333333333	0.833333333333	0.555	1.0	0.278333333333	0.111666666667	7
25-1052	0.611666666667	0.888333333333	0.445	0.945	0.278333333333	0.221666666667	9
25-1051	0.388333333333	0.888333333333	0.5	0.945	0.333333333333	0.166666666667	7
47-2031	1.0	0.445	0.278333333333	0.0	0.111666666667	0.611666666667	0
25-3099	0.055	0.666666666667	0.333333333333	0.945	0.111666666667	0.333333333333	7
51-4121	1.0	0.221666666667	0.0	0.0	0.111666666667	0.388333333333	11
25-1112	0.0	0.778333333333	0.445	0.945	0.666666666667	0.278333333333	6
25-1113	0.055	0.778333333333	0.5	1.0	0.333333333333	0.333333333333	7
51-2092	1.0	0.166666666667	0.0	0.111666666667	0.611666666667	0.666666666667	1
25-1111	0.278333333333	0.778333333333	0.333333333333	0.945	0.333333333333	0.111666666667	7
51-6061	0.945	0.111666666667	0.0	0.0	0.111666666667	0.221666666667	11
51-6062	1.0	0.055	0.0	0.0	0.055	0.278333333333	11
51-6063	1.0	0.055	0.221666666667	0.055	0.278333333333	0.666666666667	0
49-9099	0.945	0.221666666667	0.0	0.055	0.221666666667	0.5	0
49-9098	1.0	0.611666666667	0.0	0.055	0.111666666667	0.721666666667	0
49-9095	1.0	0.111666666667	0.055	0.221666666667	0.278333333333	0.388333333333	11
49-2011	1.0	0.611666666667	0.055	0.166666666667	0.278333333333	0.666666666667	0
41-3011	0.0	0.166666666667	0.555	0.221666666667	1.0	0.611666666667	3
41-9041	0.388333333333	0.0	0.055	0.221666666667	1.0	0.778333333333	3
49-9091	1.0	0.388333333333	0.0	0.0	0.333333333333	0.666666666667	0
49-9093	1.0	0.0	0.111666666667	0.0	0.055	0.166666666667	11
49-9092	1.0	0.221666666667	0.055	0.0	0.221666666667	0.221666666667	11
35-1011	0.778333333333	0.055	0.611666666667	0.388333333333	1.0	0.278333333333	3
29-9012	0.666666666667	0.5	0.055	0.388333333333	0.333333333333	1.0	0
29-9011	0.5	0.945	0.055	0.5	0.278333333333	0.721666666667	11
27-2011	0.278333333333	0.055	0.945	0.333333333333	0.611666666667	0.111666666667	6
27-2012	0.055	0.0	0.778333333333	0.333333333333	0.945	0.388333333333	5
49-3011	1.0	0.445	0.055	0.0	0.166666666667	0.611666666667	0
49-9071	1.0	0.445	0.055	0.0	0.221666666667	0.555	0
49-2091	1.0	0.555	0.055	0.0	0.221666666667	0.555	11
43-4121	0.721666666667	0.111666666667	0.0	0.5	0.278333333333	1.0	1
47-2152	1.0	0.166666666667	0.055	0.0	0.166666666667	0.333333333333	11
47-2151	1.0	0.055	0.0	0.055	0.221666666667	0.221666666667	11
53-7041	1.0	0.055	0.0	0.0	0.278333333333	0.278333333333	11
53-7032	1.0	0.111666666667	0.0	0.0	0.166666666667	0.111666666667	11
53-7033	1.0	0.333333333333	0.0	0.0	0.111666666667	0.5	0
53-7031	1.0	0.055	0.0	0.0	0.111666666667	0.166666666667	11
43-2011	0.333333333333	0.0	0.0	0.445	0.611666666667	0.945	2
15-1133	0.5	1.0	0.278333333333	0.221666666667	0.111666666667	0.778333333333	11
43-9061	0.445	0.111666666667	0.0	0.445	0.555	1.0	2
29-1171	0.555	0.833333333333	0.278333333333	0.888333333333	0.221666666667	0.278333333333	9
51-8013	0.888333333333	0.166666666667	0.0	0.0	0.221666666667	0.555	0
49-3053	1.0	0.166666666667	0.0	0.111666666667	0.333333333333	0.388333333333	11
51-8011	0.945	0.111666666667	0.0	0.0	0.333333333333	0.5	0
17-2061	0.888333333333	0.945	0.166666666667	0.0	0.221666666667	0.555	11
53-5031	1.0	0.333333333333	0.0	0.166666666667	0.666666666667	0.721666666667	1
49-3052	1.0	0.221666666667	0.055	0.0	0.166666666667	0.278333333333	11
47-4071	1.0	0.111666666667	0.0	0.055	0.278333333333	0.221666666667	11
49-3051	1.0	0.333333333333	0.0	0.0	0.111666666667	0.445	11
11-3051	0.278333333333	0.221666666667	0.055	0.388333333333	1.0	0.833333333333	3
17-2081	0.611666666667	1.0	0.333333333333	0.111666666667	0.445	0.555	11
43-3011	0.166666666667	0.055	0.0	0.221666666667	0.778333333333	0.945	2
17-2121	0.833333333333	0.945	0.278333333333	0.0	0.445	0.445	10
31-2022	0.778333333333	0.111666666667	0.055	0.945	0.221666666667	0.278333333333	6
51-5113	0.833333333333	0.111666666667	0.333333333333	0.055	0.221666666667	0.611666666667	0
31-2021	0.721666666667	0.5	0.111666666667	0.945	0.221666666667	0.278333333333	9
11-3111	0.0	0.055	0.111666666667	0.611666666667	1.0	0.721666666667	3
33-9032	1.0	0.221666666667	0.055	0.388333333333	0.555	0.721666666667	1
33-9031	0.888333333333	0.166666666667	0.055	0.111666666667	0.555	0.778333333333	1
11-1021	0.055	0.055	0.0	0.388333333333	1.0	0.445	3
39-3091	0.555	0.0	0.055	0.388333333333	0.833333333333	0.721666666667	2
39-3092	0.611666666667	0.0	0.445	0.388333333333	0.221666666667	0.945	1
39-3093	0.221666666667	0.0	0.055	0.888333333333	0.555	0.388333333333	5
47-5071	1.0	0.055	0.0	0.0	0.055	0.166666666667	11
19-1011	0.721666666667	1.0	0.221666666667	0.0	0.166666666667	0.333333333333	10
19-1012	0.721666666667	1.0	0.333333333333	0.055	0.221666666667	0.555	11
19-1013	0.778333333333	1.0	0.445	0.333333333333	0.111666666667	0.333333333333	10
35-3021	0.778333333333	0.0	0.055	0.388333333333	0.5	0.945	1
43-9011	0.721666666667	0.445	0.0	0.166666666667	0.388333333333	1.0	1
17-2011	0.778333333333	1.0	0.445	0.055	0.221666666667	0.333333333333	10
